1000
(45, 100)
(78, 13)
(12, 24)
(0, 45)
(21, 12)
(27, 2)
(81, 32)
(10, 12)
(43, 56)
(1, 68)
(69, 25)
(94, 4)
(38, 31)
(71, 82)
(54, 57)
(58, 44)
(59, 79)
(72, 91)
(86, 77)
(85, 88)
(42, 96)
(59, 78)
(27, 75)
(64, 63)
(26, 19)
(16, 63)
(27, 77)
(12, 71)
(37, 15)
(66, 62)
(76, 23)
(80, 55)
(88, 78)
(36, 27)
(40, 86)
(79, 43)
(94, 98)
(27, 21)
(44, 58)
(88, 28)
(28, 29)
(24, 30)
(31, 47)
(47, 6)
(41, 65)
(65, 19)
(3, 41)
(7, 89)
(15, 59)
(71, 34)
(48, 95)
(55, 21)
(40, 18)
(64, 86)
(66, 51)
(100, 35)
(27, 42)
(40, 21)
(64, 54)
(22, 92)
(9, 26)
(56, 51)
(75, 18)
(61, 58)
(37, 71)
(47, 53)
(60, 83)
(76, 100)
(97, 6)
(80, 52)
(86, 91)
(70, 88)
(91, 55)
(43, 71)
(99, 13)
(60, 51)
(32, 76)
(34, 43)
(92, 100)
(0, 82)
(51, 29)
(23, 50)
(96, 17)
(43, 96)
(48, 13)
(98, 77)
(21, 68)
(97, 66)
(16, 39)
(55, 58)
(65, 66)
(10, 59)
(11, 35)
(39, 31)
(54, 97)
(78, 11)
(54, 36)
(71, 45)
(64, 36)
(2, 91)
(57, 42)
(45, 79)
(38, 97)
(28, 80)
(4, 23)
(80, 40)
(69, 87)
(36, 6)
(89, 51)
(14, 39)
(23, 37)
(33, 77)
(27, 35)
(11, 44)
(55, 59)
(74, 63)
(33, 41)
(76, 92)
(87, 21)
(30, 77)
(76, 77)
(69, 92)
(95, 15)
(12, 55)
(32, 15)
(32, 29)
(45, 94)
(85, 82)
(28, 73)
(73, 65)
(2, 59)
(86, 17)
(95, 71)
(60, 77)
(2, 77)
(59, 95)
(55, 71)
(90, 37)
(99, 40)
(52, 88)
(57, 77)
(29, 67)
(55, 72)
(19, 90)
(33, 49)
(38, 65)
(8, 35)
(33, 29)
(72, 7)
(51, 23)
(61, 65)
(94, 53)
(40, 28)
(8, 25)
(6, 9)
(94, 55)
(77, 0)
(100, 29)
(63, 65)
(17, 27)
(46, 15)
(37, 93)
(14, 30)
(53, 64)
(80, 47)
(70, 6)
(51, 10)
(69, 78)
(77, 60)
(34, 46)
(84, 3)
(70, 21)
(64, 42)
(46, 12)
(85, 76)
(90, 28)
(89, 25)
(95, 11)
(44, 68)
(63, 47)
(16, 57)
(66, 12)
(1, 61)
(31, 69)
(96, 6)
(6, 46)
(10, 49)
(91, 84)
(67, 76)
(56, 34)
(33, 52)
(77, 88)
(90, 92)
(20, 92)
(80, 18)
(76, 57)
(65, 54)
(20, 13)
(61, 77)
(60, 13)
(21, 13)
(66, 45)
(14, 37)
(65, 97)
(26, 56)
(61, 78)
(9, 82)
(49, 80)
(4, 64)
(27, 18)
(86, 33)
(88, 80)
(90, 91)
(41, 72)
(96, 71)
(25, 35)
(97, 24)
(24, 87)
(3, 79)
(19, 71)
(39, 91)
(93, 10)
(90, 17)
(72, 52)
(62, 83)
(10, 19)
(5, 53)
(83, 9)
(46, 0)
(22, 5)
(57, 91)
(24, 45)
(11, 74)
(82, 51)
(58, 34)
(71, 30)
(43, 65)
(89, 44)
(79, 10)
(86, 53)
(65, 8)
(86, 48)
(34, 83)
(14, 44)
(26, 68)
(89, 9)
(33, 72)
(30, 22)
(54, 7)
(17, 56)
(15, 81)
(93, 25)
(39, 84)
(33, 5)
(38, 88)
(50, 23)
(31, 75)
(16, 27)
(65, 27)
(32, 14)
(0, 95)
(54, 79)
(28, 98)
(39, 33)
(50, 61)
(87, 96)
(87, 55)
(96, 68)
(19, 51)
(85, 93)
(70, 79)
(79, 99)
(67, 19)
(62, 33)
(4, 28)
(1, 67)
(80, 33)
(44, 11)
(75, 2)
(84, 60)
(20, 77)
(29, 46)
(30, 54)
(27, 34)
(85, 52)
(18, 16)
(0, 78)
(3, 47)
(34, 26)
(91, 71)
(18, 24)
(11, 32)
(62, 76)
(5, 43)
(50, 22)
(68, 87)
(65, 45)
(45, 24)
(68, 85)
(81, 90)
(40, 48)
(46, 22)
(16, 19)
(23, 51)
(85, 87)
(78, 62)
(30, 50)
(7, 11)
(52, 98)
(70, 70)
(72, 36)
(34, 32)
(10, 13)
(76, 46)
(96, 33)
(92, 1)
(46, 64)
(69, 94)
(30, 98)
(59, 65)
(12, 27)
(1, 3)
(3, 34)
(61, 4)
(82, 28)
(35, 1)
(13, 50)
(16, 65)
(48, 7)
(20, 35)
(19, 32)
(6, 74)
(40, 31)
(56, 65)
(98, 60)
(20, 53)
(94, 11)
(27, 65)
(34, 53)
(3, 78)
(54, 60)
(37, 6)
(21, 87)
(4, 69)
(34, 97)
(27, 92)
(29, 10)
(3, 8)
(47, 35)
(92, 75)
(99, 28)
(43, 80)
(66, 73)
(48, 76)
(95, 83)
(81, 41)
(89, 58)
(48, 16)
(83, 23)
(38, 28)
(36, 80)
(25, 53)
(22, 33)
(49, 19)
(79, 3)
(22, 2)
(58, 57)
(16, 61)
(98, 85)
(27, 86)
(0, 41)
(50, 37)
(61, 2)
(47, 79)
(11, 89)
(20, 50)
(43, 14)
(92, 9)
(99, 97)
(13, 37)
(62, 43)
(90, 10)
(48, 31)
(18, 45)
(19, 77)
(20, 25)
(6, 73)
(94, 31)
(20, 89)
(2, 17)
(73, 17)
(98, 82)
(65, 68)
(57, 89)
(77, 74)
(54, 99)
(33, 12)
(62, 64)
(53, 33)
(72, 68)
(91, 98)
(23, 91)
(73, 88)
(2, 87)
(69, 63)
(70, 84)
(27, 73)
(23, 38)
(13, 78)
(32, 77)
(34, 58)
(36, 57)
(91, 80)
(16, 11)
(45, 4)
(13, 67)
(29, 2)
(7, 18)
(1, 65)
(65, 26)
(52, 23)
(72, 13)
(41, 31)
(81, 29)
(44, 85)
(64, 37)
(4, 99)
(82, 30)
(0, 87)
(8, 83)
(79, 42)
(17, 95)
(68, 32)
(46, 60)
(73, 10)
(43, 42)
(59, 46)
(22, 59)
(91, 44)
(46, 92)
(69, 99)
(6, 90)
(4, 12)
(69, 93)
(30, 41)
(100, 6)
(41, 52)
(88, 97)
(86, 97)
(86, 19)
(32, 4)
(23, 3)
(88, 0)
(96, 3)
(93, 72)
(74, 92)
(32, 38)
(79, 63)
(24, 50)
(11, 38)
(4, 2)
(9, 88)
(99, 60)
(74, 48)
(85, 57)
(50, 54)
(32, 39)
(76, 45)
(63, 81)
(37, 19)
(66, 79)
(96, 22)
(34, 47)
(10, 70)
(53, 46)
(5, 62)
(45, 74)
(77, 31)
(28, 65)
(19, 39)
(85, 35)
(86, 49)
(99, 23)
(82, 26)
(53, 67)
(55, 48)
(97, 76)
(58, 42)
(67, 66)
(33, 2)
(37, 58)
(87, 66)
(12, 60)
(14, 99)
(38, 48)
(52, 63)
(18, 58)
(11, 9)
(81, 43)
(67, 85)
(28, 66)
(34, 65)
(32, 21)
(19, 69)
(80, 30)
(68, 45)
(35, 53)
(72, 41)
(9, 100)
(57, 74)
(39, 42)
(76, 29)
(22, 12)
(95, 19)
(44, 70)
(31, 41)
(2, 90)
(6, 76)
(73, 52)
(0, 11)
(60, 7)
(20, 95)
(62, 38)
(3, 9)
(73, 55)
(11, 73)
(17, 41)
(51, 80)
(32, 83)
(10, 0)
(23, 83)
(41, 96)
(10, 24)
(58, 5)
(84, 16)
(65, 83)
(4, 31)
(70, 33)
(73, 63)
(7, 4)
(92, 55)
(56, 50)
(21, 0)
(72, 17)
(23, 4)
(37, 13)
(50, 70)
(32, 61)
(58, 11)
(7, 28)
(24, 32)
(3, 82)
(73, 11)
(58, 2)
(23, 20)
(47, 29)
(98, 24)
(53, 2)
(95, 2)
(45, 17)
(57, 61)
(60, 75)
(6, 11)
(17, 66)
(89, 28)
(69, 17)
(44, 10)
(64, 18)
(91, 90)
(57, 94)
(55, 28)
(98, 49)
(10, 100)
(27, 41)
(9, 43)
(75, 79)
(68, 75)
(71, 80)
(40, 27)
(24, 8)
(3, 62)
(10, 42)
(41, 80)
(83, 79)
(54, 84)
(6, 22)
(98, 6)
(32, 3)
(72, 96)
(4, 20)
(63, 100)
(58, 33)
(47, 54)
(64, 47)
(1, 30)
(51, 39)
(1, 88)
(19, 65)
(17, 42)
(8, 86)
(80, 96)
(53, 13)
(88, 53)
(98, 90)
(12, 42)
(69, 34)
(71, 68)
(35, 89)
(6, 95)
(1, 25)
(51, 61)
(94, 2)
(57, 56)
(48, 53)
(14, 53)
(12, 84)
(35, 55)
(59, 1)
(65, 22)
(35, 24)
(41, 33)
(23, 18)
(62, 91)
(82, 57)
(55, 62)
(67, 23)
(9, 58)
(9, 37)
(56, 15)
(60, 17)
(23, 40)
(99, 72)
(64, 78)
(100, 16)
(85, 63)
(93, 18)
(33, 43)
(25, 11)
(89, 34)
(34, 30)
(79, 48)
(48, 30)
(48, 3)
(98, 61)
(76, 13)
(85, 72)
(25, 75)
(96, 84)
(41, 90)
(65, 6)
(29, 49)
(27, 59)
(65, 78)
(93, 42)
(14, 82)
(37, 76)
(37, 43)
(36, 14)
(5, 73)
(31, 4)
(57, 78)
(18, 20)
(80, 2)
(28, 94)
(69, 57)
(81, 87)
(41, 74)
(73, 84)
(32, 80)
(58, 72)
(33, 93)
(44, 82)
(81, 25)
(3, 18)
(2, 57)
(73, 34)
(55, 74)
(39, 43)
(52, 29)
(16, 73)
(60, 54)
(69, 84)
(41, 29)
(32, 63)
(53, 95)
(13, 69)
(97, 54)
(62, 62)
(51, 85)
(66, 20)
(27, 67)
(13, 96)
(22, 56)
(65, 67)
(44, 64)
(87, 54)
(44, 95)
(89, 59)
(74, 40)
(95, 58)
(4, 95)
(93, 78)
(25, 31)
(1, 19)
(63, 76)
(74, 94)
(44, 65)
(38, 40)
(42, 90)
(81, 62)
(35, 72)
(93, 41)
(43, 31)
(28, 51)
(90, 18)
(54, 55)
(25, 100)
(24, 75)
(82, 43)
(39, 86)
(75, 57)
(5, 28)
(29, 58)
(51, 56)
(36, 47)
(84, 68)
(98, 99)
(60, 91)
(93, 20)
(22, 39)
(24, 62)
(64, 87)
(72, 69)
(9, 36)
(76, 81)
(36, 46)
(35, 88)
(53, 92)
(43, 23)
(48, 24)
(93, 19)
(38, 85)
(10, 3)
(44, 43)
(61, 41)
(95, 77)
(87, 59)
(13, 75)
(9, 81)
(71, 59)
(97, 87)
(0, 80)
(46, 75)
(99, 19)
(86, 60)
(99, 36)
(2, 100)
(10, 50)
(31, 90)
(50, 96)
(56, 64)
(81, 72)
(80, 73)
(40, 96)
(54, 46)
(90, 44)
(51, 21)
(47, 40)
(70, 45)
(32, 84)
(95, 65)
(53, 29)
(11, 70)
(61, 55)
(89, 12)
(66, 31)
(16, 2)
(47, 50)
(98, 83)
(61, 13)
(78, 17)
(99, 6)
(85, 2)
(37, 99)
(18, 61)
(46, 86)
(50, 60)
(58, 25)
(91, 54)
(0, 46)
(25, 2)
(90, 98)
(63, 39)
(26, 90)
(21, 70)
(3, 44)
(67, 53)
(37, 24)
(31, 88)
(24, 100)
(11, 76)
(91, 28)
(47, 9)
(64, 25)
(79, 50)
(84, 9)
(54, 40)
(15, 94)
(22, 54)
(40, 81)
(31, 91)
(89, 56)
(5, 75)
(76, 50)
(55, 66)
(11, 10)
(48, 11)
(78, 47)
(79, 21)
(24, 95)
(42, 6)
(85, 68)
(96, 58)
(71, 10)
(76, 2)
(43, 98)
(56, 45)
(69, 23)
(35, 32)
(88, 21)
(36, 77)
(42, 12)
(8, 80)
(91, 12)
(37, 50)
(27, 31)
(0, 69)
(76, 42)
(0, 1)
(98, 94)
(39, 78)
(44, 38)
(6, 63)
(0, 50)
(100, 69)
(69, 19)
(43, 100)
(43, 32)
(4, 88)
(94, 45)
(74, 35)
(28, 67)
(37, 42)
(18, 3)
(57, 12)
(5, 16)
(75, 80)
(81, 70)
(34, 82)
(20, 79)
(32, 74)
(8, 36)
(76, 10)
(22, 91)
(20, 15)
(99, 68)
(69, 29)
(52, 44)
(81, 50)
(51, 5)
(7, 91)
(16, 72)
(40, 49)
(13, 61)
(94, 9)
(83, 5)
(1, 64)
(29, 81)
(84, 45)
(9, 22)
(93, 58)
(62, 54)
(41, 71)
(77, 24)
(14, 32)
(0, 94)
(25, 42)
(72, 25)
(31, 71)
(58, 16)
(62, 93)
(52, 9)
(47, 73)
(44, 71)
(2, 38)
(31, 78)
(82, 50)
(35, 30)
(13, 80)
(69, 7)
(18, 11)
(79, 36)
(16, 60)
(81, 8)
(80, 7)
(24, 80)
(72, 15)
(97, 36)
(7, 56)
(7, 61)
(48, 1)
(2, 62)
(73, 14)
(28, 71)
(29, 43)
(41, 16)
(39, 54)
(94, 40)
(7, 22)
(54, 74)
(69, 55)
(60, 53)
(57, 36)
(5, 23)
(56, 98)
(53, 45)
(70, 77)
(14, 50)
(30, 60)
(97, 39)
(98, 51)
(58, 67)
(43, 13)
(96, 5)
(50, 18)
(70, 16)
(5, 57)
(82, 77)
(38, 61)
(51, 30)
(85, 49)
(32, 30)
(17, 3)
(31, 80)
(70, 27)
(6, 71)
(30, 96)
(76, 20)
(39, 36)
(45, 52)
(96, 75)
(5, 90)
(53, 34)
(59, 26)
(21, 50)
(73, 1)
(28, 86)
(94, 8)
(46, 37)
(77, 89)
(23, 60)
(41, 8)
(50, 29)
(54, 6)
(4, 39)
(42, 27)
(95, 20)
(89, 60)
(93, 62)
(7, 83)
(33, 59)
(91, 93)
(14, 98)
(58, 80)
(72, 94)
(81, 54)
(9, 68)
(40, 71)
(8, 53)
(30, 17)
(74, 39)
(38, 90)
(12, 54)
(23, 43)
(100, 7)
(97, 38)
(3, 48)
(12, 82)
(95, 80)
(100, 41)
(0, 53)
(75, 27)
(41, 83)
(50, 19)
(73, 19)
(25, 40)
(4, 61)
(52, 89)
(68, 73)
(93, 48)
